100|101|2|16|1|3|5d606f7802|1|1516323596029
100|101|2|16|1|3|5d606f7802|1|1516323597007
100|101|2|16|1|3|5d646f7802|1|1516323598382
100|101|2|16|1|3|5d646f8802|1|1516323598936
100|101|2|16|1|3|5d686f8802|1|1516323599977
100|101|2|16|1|3|5d686f9802|1|1516323601007
100|101|2|16|1|3|5d6c6fac02|1|1516323601926
100|101|2|16|1|3|5d706fac02|1|1516323603033
100|101|2|16|1|3|5d706fac02|1|1516323603959
100|101|2|16|1|3|5d706fbc02|1|1516323604876
100|101|2|16|1|3|5d746fbc02|1|1516323605897
100|101|2|16|1|3|5d746fbc02|1|1516323606925
100|101|2|16|1|3|5d746fbc02|1|1516323608358
100|101|2|16|1|3|5d786fbc02|1|1516323608970
100|101|2|16|1|3|5d786fbc02|1|1516323609891
100|101|2|16|1|3|5d786fcc02|1|1516323610923
100|101|2|16|1|3|5d7c6fcc02|1|1516323612350
100|101|2|16|1|3|5d7c6ff802|1|1516323612964
100|101|2|16|1|3|5d7c6ff002|1|1516323614399
100|101|2|16|1|3|5d806ff802|1|1516323614910